#trnsz	tstsz	iter	model	trn-pp		test-pp		trn-vit-pp		tst-vit-pp
20	20	0	Model1	433.377		433.377		16718.9		16718.9
20	20	1	Model1	58.8983		58.8983		1337.87		1337.87
20	20	2	Model1	53.0359		53.0359		973.596		973.596
20	20	3	Model1	49.7635		49.7635		735.369		735.369
20	20	4	Model1	47.8092		47.8092		596.099		596.099
20	20	5	HMM	29.1532		29.1532		507.783		507.783
20	20	6	HMM	30.7013		30.7013		278.382		278.382
20	20	7	HMM	28.3061		28.3061		188.234		188.234
20	20	8	HMM	26.3896		26.3896		135.478		135.478
20	20	9	HMM	24.2315		24.2315		97.588		97.588
20	20	10	THTo3	57.5555		57.5555		62.8396		62.8396
20	20	11	Model3	8.46954		8.46954		8.83023		8.83023
20	20	12	Model3	6.57067		6.57067		6.85223		6.85223
20	20	13	Model3	5.4014		5.4014		5.58021		5.58021
20	20	14	Model3	4.78179		4.78179		4.89657		4.89657
20	20	15	T3To4	4.54994		4.54994		4.64955		4.64955
20	20	16	Model4	49.2686		49.2686		50.7833		50.7833
20	20	17	Model4	44.0287		44.0287		45.6573		45.6573
20	20	18	Model4	41.3908		41.3908		43.2988		43.2988
20	20	19	Model4	39.3681		39.3681		40.9685		40.9685
