#trnsz	tstsz	iter	model	trn-pp		test-pp		trn-vit-pp		tst-vit-pp
20	20	0	Model1	373.393		373.393		13533.7		13533.7
20	20	1	Model1	50.6852		50.6852		1064.58		1064.58
20	20	2	Model1	45.0882		45.0882		727.287		727.287
20	20	3	Model1	41.904		41.904		527.913		527.913
20	20	4	Model1	39.9918		39.9918		416.534		416.534
20	20	5	HMM	26.2658		26.2658		348.467		348.467
20	20	6	HMM	27.0127		27.0127		172.605		172.605
20	20	7	HMM	22.9897		22.9897		99.8439		99.8439
20	20	8	HMM	18.5513		18.5513		52.7795		52.7795
20	20	9	HMM	13.2597		13.2597		23.4271		23.4271
20	20	10	THTo3	9.1814		9.1814		9.69578		9.69578
20	20	11	Model3	4.27142		4.27142		4.41205		4.41205
20	20	12	Model3	3.68357		3.68357		3.77911		3.77911
20	20	13	Model3	3.37143		3.37143		3.43729		3.43729
20	20	14	Model3	3.23835		3.23835		3.29858		3.29858
20	20	15	T3To4	3.16365		3.16365		3.21226		3.21226
20	20	16	Model4	8.26002		8.26002		8.36462		8.36462
20	20	17	Model4	7.59083		7.59083		7.69597		7.69597
20	20	18	Model4	6.98135		6.98135		7.08443		7.08443
20	20	19	Model4	6.5092		6.5092		6.60504		6.60504
