#trnsz	tstsz	iter	model	trn-pp		test-pp		trn-vit-pp		tst-vit-pp
20	20	0	Model1	431.729		431.729		13803.8		13803.8
20	20	1	Model1	52.7866		52.7866		924.304		924.304
20	20	2	Model1	48.2094		48.2094		718.723		718.723
20	20	3	Model1	45.2189		45.2189		568.46		568.46
20	20	4	Model1	43.4315		43.4315		479.185		479.185
20	20	5	HMM	42.2686		42.2686		421.884		421.884
20	20	6	HMM	47.0187		47.0187		251.348		251.348
20	20	7	HMM	43.004		43.004		158.601		158.601
20	20	8	HMM	38.8759		38.8759		112.146		112.146
20	20	9	HMM	33.1549		33.1549		79.0948		79.0948
20	20	10	THTo3	50.5713		50.5713		57.1576		57.1576
20	20	11	Model3	15.2715		15.2715		16.0833		16.0833
20	20	12	Model3	13.062		13.062		13.8346		13.8346
20	20	13	Model3	11.34		11.34		11.9532		11.9532
20	20	14	Model3	9.71732		9.71732		10.1452		10.1452
20	20	15	T3To4	9.01079		9.01079		9.37192		9.37192
20	20	16	Model4	45.6527		45.6527		47.4429		47.4429
20	20	17	Model4	42.3429		42.3429		43.8695		43.8695
20	20	18	Model4	40.6152		40.6152		41.9516		41.9516
20	20	19	Model4	39.7182		39.7182		40.9805		40.9805
