#trnsz	tstsz	iter	model	trn-pp		test-pp		trn-vit-pp		tst-vit-pp
20	20	0	Model1	381.297		381.297		15083.7		15083.7
20	20	1	Model1	42.5275		42.5275		1012.28		1012.28
20	20	2	Model1	37.2907		37.2907		700.218		700.218
20	20	3	Model1	34.6457		34.6457		529.775		529.775
20	20	4	Model1	33.2245		33.2245		436.192		436.192
20	20	5	HMM	32.3402		32.3402		379.352		379.352
20	20	6	HMM	34.5922		34.5922		182.25		182.25
20	20	7	HMM	31.4583		31.4583		120.799		120.799
20	20	8	HMM	27.0185		27.0185		76.3471		76.3471
20	20	9	HMM	20.64		20.64		40.254		40.254
20	20	10	THTo3	15.0121		15.0121		16.066		16.066
20	20	11	Model3	3.24823		3.24823		3.38356		3.38356
20	20	12	Model3	2.63089		2.63089		2.73081		2.73081
20	20	13	Model3	2.37388		2.37388		2.45086		2.45086
20	20	14	Model3	2.2564		2.2564		2.32147		2.32147
20	20	15	T3To4	2.2055		2.2055		2.26323		2.26323
20	20	16	Model4	7.60639		7.60639		7.72591		7.72591
20	20	17	Model4	6.49354		6.49354		6.58995		6.58995
20	20	18	Model4	5.97891		5.97891		6.07728		6.07728
20	20	19	Model4	5.65648		5.65648		5.7497		5.7497
