#trnsz	tstsz	iter	model	trn-pp		test-pp		trn-vit-pp		tst-vit-pp
20	20	0	Model1	447.517		447.517		17224.6		17224.6
20	20	1	Model1	52.2981		52.2981		1171.38		1171.38
20	20	2	Model1	46.6074		46.6074		855.273		855.273
20	20	3	Model1	43.4515		43.4515		656.784		656.784
20	20	4	Model1	41.676		41.676		544.297		544.297
20	20	5	HMM	39.5702		39.5702		475.076		475.076
20	20	6	HMM	43.1451		43.1451		257.498		257.498
20	20	7	HMM	40.0688		40.0688		176.09		176.09
20	20	8	HMM	37.4218		37.4218		131.369		131.369
20	20	9	HMM	34.1168		34.1168		99.2328		99.2328
20	20	10	THTo3	69.4906		69.4906		77.7474		77.7474
20	20	11	Model3	11.9573		11.9573		12.5312		12.5312
20	20	12	Model3	10.526		10.526		11.1352		11.1352
20	20	13	Model3	8.9365		8.9365		9.42701		9.42701
20	20	14	Model3	7.66622		7.66622		8.03302		8.03302
20	20	15	T3To4	7.34439		7.34439		7.65428		7.65428
20	20	16	Model4	62.8192		62.8192		65.6345		65.6345
20	20	17	Model4	54.2167		54.2167		56.1724		56.1724
20	20	18	Model4	52.5407		52.5407		54.422		54.422
20	20	19	Model4	49.277		49.277		51.0005		51.0005
