#trnsz	tstsz	iter	model	trn-pp		test-pp		trn-vit-pp		tst-vit-pp
20	20	0	Model1	402.203		402.203		15742.1		15742.1
20	20	1	Model1	56.133		56.133		1279.32		1279.32
20	20	2	Model1	50.3449		50.3449		887.534		887.534
20	20	3	Model1	46.984		46.984		645.005		645.005
20	20	4	Model1	44.9092		44.9092		509.154		509.154
20	20	5	HMM	29.5787		29.5787		426.31		426.31
20	20	6	HMM	30.5517		30.5517		211.818		211.818
20	20	7	HMM	27.3553		27.3553		126.096		126.096
20	20	8	HMM	23.2711		23.2711		68.7236		68.7236
20	20	9	HMM	16.8303		16.8303		30.3535		30.3535
20	20	10	THTo3	10.8633		10.8633		11.3328		11.3328
20	20	11	Model3	3.58279		3.58279		3.66992		3.66992
20	20	12	Model3	3.14496		3.14496		3.2009		3.2009
20	20	13	Model3	2.9821		2.9821		3.02896		3.02896
20	20	14	Model3	2.88664		2.88664		2.92298		2.92298
20	20	15	T3To4	2.83746		2.83746		2.87435		2.87435
20	20	16	Model4	9.74501		9.74501		9.83524		9.83524
20	20	17	Model4	8.41247		8.41247		8.49181		8.49181
20	20	18	Model4	7.78022		7.78022		7.86717		7.86717
20	20	19	Model4	7.38709		7.38709		7.46342		7.46342
