#trnsz	tstsz	iter	model	trn-pp		test-pp		trn-vit-pp		tst-vit-pp
20	20	0	Model1	377.879		377.879		12141.4		12141.4
20	20	1	Model1	48.0133		48.0133		856.578		856.578
20	20	2	Model1	43.4724		43.4724		643.665		643.665
20	20	3	Model1	40.5958		40.5958		503.589		503.589
20	20	4	Model1	38.9088		38.9088		422.447		422.447
20	20	5	HMM	37.8357		37.8357		372.398		372.398
20	20	6	HMM	41.0384		41.0384		207.802		207.802
20	20	7	HMM	36.741		36.741		126.062		126.062
20	20	8	HMM	31.4008		31.4008		81.6438		81.6438
20	20	9	HMM	24.3984		24.3984		52.5538		52.5538
20	20	10	THTo3	25.2416		25.2416		28.4403		28.4403
20	20	11	Model3	10.7345		10.7345		11.5117		11.5117
20	20	12	Model3	8.03648		8.03648		8.54443		8.54443
20	20	13	Model3	6.61371		6.61371		6.98216		6.98216
20	20	14	Model3	5.68742		5.68742		5.96092		5.96092
20	20	15	T3To4	5.38486		5.38486		5.64081		5.64081
20	20	16	Model4	16.7174		16.7174		17.2986		17.2986
20	20	17	Model4	15.0361		15.0361		15.4619		15.4619
20	20	18	Model4	14.2477		14.2477		14.6297		14.6297
20	20	19	Model4	13.3466		13.3466		13.6782		13.6782
