#trnsz	tstsz	iter	model	trn-pp		test-pp		trn-vit-pp		tst-vit-pp
20	20	0	Model1	392.159		392.159		14164.5		14164.5
20	20	1	Model1	51.0449		51.0449		1068.84		1068.84
20	20	2	Model1	45.6807		45.6807		769.7		769.7
20	20	3	Model1	42.7018		42.7018		576.767		576.767
20	20	4	Model1	40.9773		40.9773		465.854		465.854
20	20	5	HMM	26.646		26.646		397.281		397.281
20	20	6	HMM	27.8579		27.8579		206.139		206.139
20	20	7	HMM	25.2595		25.2595		137.841		137.841
20	20	8	HMM	23.1341		23.1341		100.82		100.82
20	20	9	HMM	20.6728		20.6728		72.6611		72.6611
20	20	10	THTo3	42.1029		42.1029		46.4215		46.4215
20	20	11	Model3	7.73633		7.73633		8.08865		8.08865
20	20	12	Model3	5.96558		5.96558		6.24286		6.24286
20	20	13	Model3	4.89203		4.89203		5.07829		5.07829
20	20	14	Model3	4.49553		4.49553		4.6428		4.6428
20	20	15	T3To4	4.24091		4.24091		4.36588		4.36588
20	20	16	Model4	31.376		31.376		32.2089		32.2089
20	20	17	Model4	27.6692		27.6692		28.4883		28.4883
20	20	18	Model4	25.5609		25.5609		26.3348		26.3348
20	20	19	Model4	23.8308		23.8308		24.442		24.442
